150101001
150101002
150101003
150101004
150101005
150101006
150101007
150101008
150101009
150101010
150101012
150101013
150101014
150101015
150101016
150101017
150101018
150101019
150101020
150101021
150101022
150101023
150101024
150101025
150101026
150101027
150101028
150101029
150101030
150101031
150101032
150101033
150101034
150101035
150101036
150101037
150101038
150101039
150101040
150101041
150101042
150101043
150101044
150101045
150101046
150101047
150101048
150101050
150101051
150101052
150101053
150101054
150101055
150101056
150101057
150101058
150101059
150101060
150101061
150101062
150101063
150101064
150101065
150101066
150101067
150101068
150101069
150101070
150101071
150101072
150101073
150101074
150101075
150101076
150101077
150101078
150101079
150101080
150101081
150101082
150101083
150101084
150101085
150101086
150101087
150101088