130123042
140101001
140101002
140101003
140101004
140101005
140101006
140101007
140101008
140101009
140101010
140101011
140101013
140101014
140101015
140101016
140101017
140101018
140101019
140101020
140101021
140101022
140101023
140101024
140101025
140101026
140101027
140101028
140101029
140101030
140101031
140101032
140101033
140101034
140101035
140101036
140101037
140101038
140101039
140101040
140101041
140101042
140101043
140101044
140101045
140101046
140101047
140101048
140101049
140101050
140101051
140101052
140101053
140101054
140101055
140101056
140101057
140101058
140101059
140101060
140101061
140101062
140101063
140101064
140101065
140101066
140101067
140101068
140101069
140101070
140101071
140101072
140101073
140101074
140101075
140101076
140101077
140101078
140101079
140101080
140101081
140101082
140101083
140101084
140101085
140101086
140101087
140101088
140123001
140123002
140123003
140123004
140123005
140123006
140123007
140123008
140123009
140123010
140123011
140123012
140123013
140123014
140123015
140123016
140123017
140123018
140123019
140123020
140123022
140123023
140123024
140123025
140123026
140123027
140123028
140123029
140123030
140123031
140123032
140123033
140123034
140123035
140123036
140123037
140123038
140123039
140123040
140123041
140123042
140123043
140123045
140123046
140123047
140123048
140123049
140123050
140123051