10010128
120101078
130101001
130101002
130101003
130101004
130101005
130101006
130101007
130101008
130101009
130101010
130101011
130101012
130101014
130101015
130101016
130101017
130101018
130101019
130101020
130101021
130101022
130101023
130101024
130101025
130101026
130101027
130101028
130101029
130101031
130101032
130101033
130101034
130101035
130101036
130101037
130101038
130101039
130101040
130101041
130101042
130101043
130101044
130101045
130101046
130101047
130101048
130101049
130101050
130101051
130101052
130101053
130101054
130101055
130101056
130101057
130101058
130101059
130101060
130101061
130101062
130101063
130101064
130101065
130101066
130101067
130101068
130101069
130101070
130101071
130101072
130101073
130101075
130101076
130101077
130101078
130101079
130101080
130101081
130101082
130101083
130101084
130101085
130101086
130101087
130101088
130101089

