11012104
120101078
140101033
140103064
140106044
140205018
140205040
150103054
150104006
150104053
150107002
150107027
150121010
150121024
150123011
150205003
150205008
160101001
160101002
160101003
160101004
160101005
160101006
160101007
160101008
160101009
160101010
160101011
160101012
160101013
160101014
160101015
160101016
160101017
160101018
160101019
160101020
160101021
160101022
160101023
160101024
160101025
160101026
160101027
160101028
160101029
160101030
160101031
160101032
160101033
160101034
160101035
160101036
160101037
160101038
160101039
160101040
160101041
160101042
160101043
160101044
160101045
160101046
160101047
160101048
160101049
160101050
160101051
160101052
160101053
160101054
160101055
160101056
160101057
160101058
160101059
160101060
160101061
160101062
160101063
160101064
160101065
160101066
160101067
160101068
160101069
160101070
160101071
160101072
160101073
160101074
160101075
160101076
160101077
160101078
160101079
160101080
160102001
160102002
160102003
160102004
160102005
160102006
160102007
160102008
160102009
160102010
160102011
160102012
160102013
160102014
160102015
160102016
160102017
160102018
160102019
160102020
160102021
160102022
160102023
160102024
160102025
160102026
160102027
160102028
160102029
160102030
160102031
160102032
160102033
160102034
160102035
160102036
160102037
160102038
160102039
160102040
160102041
160102042
160102043
160102044
160102045
160102046
160102047
160102048
160102049
160102050
160102051
160102052
160102053
160102054
160102055
160102056
160102057
160102058
160102059
160102060
160102061
160102062
160102063
160102064
160102065
160102066
160102067
160102068
160102069
160102070
160102071
160102072
160102073
160103001
160103002
160103003
160103004
160103005
160103006
160103007
160103008
160103009
160103010
160103011
160103012
160103013
160103015
160103016
160103017
160103018
160103019
160103020
160103021
160103022
160103023
160103024
160103025
160103026
160103027
160103028
160103029
160103030
160103031
160103032
160103033
160103034
160103035
160103036
160103037
160103038
160103039
160103040
160103041
160103042
160103043
160103044
160103045
160103046
160103047
160103048
160103049
160103050
160103051
160103052
160103053
160103054
160103055
160103056
160103057
160103058
160103059
160103060
160103061
160103062
160103063
160103064
160103065
160103066
160103067
160103068
160103069
160103070
160103071
160103072
160103073
160103074
160103075
160103076
160103077
160103078
160103079
160104001
160104002
160104003
160104004
160104005
160104006
160104007
160104009
160104010
160104011
160104012
160104013
160104014
160104015
160104016
160104017
160104018
160104019
160104020
160104021
160104022
160104023
160104024
160104025
160104026
160104027
160104028
160104029
160104030
160104031
160104032
160104033
160104034
160104035
160104036
160104037
160104038
160104039
160104040
160104041
160104042
160104043
160104044
160104045
160104046
160104047
160104048
160104049
160104050
160104051
160104052
160104053
160104054
160104055
160104056
160104057
160104058
160104059
160104060
160104061
160104062
160104063
160104064
160104065
160104066
160104067
160104068
160104069
160104070
160104071
160104072
160104073
160104074
160104075
160104076
160104077
160104078
160104079
160104080
160104081
160106001
160106002
160106003
160106005
160106006
160106007
160106008
160106009
160106010
160106011
160106012
160106013
160106014
160106015
160106016
160106017
160106018
160106020
160106021
160106022
160106023
160106024
160106025
160106026
160106027
160106028
160106029
160106030
160106031
160106032
160106033
160106034
160106035
160106036
160106037
160106038
160106039
160106040
160106041
160106042
160106043
160106044
160106045
160106046
160106047
160106048
160106049
160106050
160106051
160106052
160106053
160106054
160106055
160106056
160107001
160107002
160107003
160107004
160107005
160107006
160107007
160107008
160107009
160107010
160107011
160107012
160107013
160107014
160107015
160107016
160107017
160107018
160107019
160107020
160107021
160107022
160107023
160107024
160107025
160107026
160107027
160107028
160107029
160107030
160107031
160107032
160107033
160107034
160107035
160107036
160107037
160107038
160107039
160107040
160107041
160107042
160107043
160107044
160107045
160107046
160107047
160107048
160107049
160107050
160107051
160107052
160107053
160107054
160107055
160107056
160107057
160107058
160107059
160107060
160107061
160107062
160107063
160107064
160107065
160107066
160107067
160107068
160107069
160108001
160108002
160108003
160108004
160108005
160108006
160108007
160108008
160108009
160108010
160108011
160108012
160108013
160108014
160108015
160108016
160108017
160108018
160108019
160108020
160108021
160108022
160108023
160108024
160108025
160108026
160108027
160108028
160108029
160108030
160108031
160108032
160108033
160108034
160108035
160108036
160108037
160108038
160108039
160108040
160108041
160121001
160121002
160121003
160121004
160121005
160121006
160121007
160121008
160121009
160121010
160121011
160121012
160121013
160121014
160121015
160121016
160121017
160121018
160121019
160121020
160121021
160121022
160121023
160121024
160121025
160121026
160121027
160121028
160121030
160121031
160121032
160121033
160121034
160121035
160121036
160121037
160121038
160121039
160121040
160121041
160121042
160121043
160121044
160122001
160122002
160122003
160122004
160122005
160122006
160122007
160122008
160122009
160122010
160122011
160122012
160122013
160122015
160122016
160122017
160122018
160122019
160122020
160122021
160122022
160122023
160122024
160122025
160122026
160122027
160122028
160122029
160122030
160122031
160122032
160122033
160122034
160122035
160122036
160122037
160122038
160122039
160122040
160122041
160122042
160122043
160122044
160122045
160123001
160123002
160123003
160123004
160123005
160123006
160123007
160123008
160123009
160123010
160123011
160123012
160123013
160123014
160123015
160123016
160123017
160123018
160123019
160123020
160123021
160123022
160123023
160123024
160123025
160123026
160123027
160123028
160123029
160123030
160123031
160123032
160123033
160123034
160123035
160123036
160123037
160123038
160123039
160123040
160123041
160123042
160123043
160123044
160123045

